// LDA r4, 1
0001 1000 0100 0000  0000 0000 0000 0001
// LDA r5, 1
0001 1000 0101 0000  0000 0000 0000 0001

// ADD r4 r5
0010 0000 0101 0100  0000 0000 0000 0000
0010 0000 0100 0101  0000 0000 0000 0000
0010 0000 0101 0100  0000 0000 0000 0000
0010 0000 0100 0101  0000 0000 0000 0000
0010 0000 0101 0100  0000 0000 0000 0000
0010 0000 0100 0101  0000 0000 0000 0000
0010 0000 0101 0100  0000 0000 0000 0000
0010 0000 0100 0101  0000 0000 0000 0000
0010 0000 0101 0100  0000 0000 0000 0000
0010 0000 0100 0101  0000 0000 0000 0000