v3.0 hex words addressed
00: 002802 007202 000001 000001 000001 000001 000001 000001
08: 000001 000001 000001 000001 000001 000001 000001 000001
10: 002802 007202 000026 005056 00008b 000001 000001 000001
18: 000001 000001 000001 000001 000001 000001 000001 000001
20: 002802 007202 000006 005056 008083 000001 000001 000001
28: 000001 000001 000001 000001 000001 000001 000001 000001
30: 002802 007202 000006 005056 008003 000001 000001 000001
38: 000001 000001 000001 000001 000001 000001 000001 000001
40: 002802 007202 015043 000001 000001 000001 000001 000001
48: 000001 000001 000001 000001 000001 000001 000001 000001
50: 002802 007202 015043 000001 000001 000001 000001 000001
58: 000001 000001 000001 000001 000001 000001 000001 000001
60: 002802 007202 200083 000001 000001 000001 000001 000001
68: 000001 000001 000001 000001 000001 000001 000001 000001
70: 002802 007202 305043 000001 000001 000001 000001 000001
78: 000001 000001 000001 000001 000001 000001 000001 000001
80: 002802 007202 025002 002c42 005183 000001 000001 000001
88: 000001 000001 000001 000001 000001 000001 000001 000001
90: 002802 007202 025002 002c42 004003 000001 000001 000001
98: 000001 000001 000001 000001 000001 000001 000001 000001
a0: 002802 007202 040006 025076 04208e 014802 002802 003002
a8: 015103 000001 000001 000001 000001 000001 000001 000001
b0: 002802 007202 042006 000076 0c508b 000001 000001 000001
b8: 000001 000001 000001 000001 000001 000001 000001 000001
c0: 002802 007202 040006 025076 04208e 004c43 000001 000001
c8: 000001 000001 000001 000001 000001 000001 000001 000001
d0: 002802 007202 042006 000076 04008a 005183 000001 000001
d8: 000001 000001 000001 000001 000001 000001 000001 000001
e0: 002802 007202 000001 000001 000001 000001 000001 000001
e8: 000001 000001 000001 000001 000001 000001 000001 000001
f0: 002802 007202 000001 000001 000001 000001 000001 000001
f8: 000001 000001 000001 000001 000001 000001 000001 000001
